32538
30941
29185
30144
29910
29978
30986
30283
30274
30812
30122
29943
30802
29950
29921
30822
30376
29853
31125
30304
30125
24326
29427
29596
30538
29992
30979
29843
29863
30680
30279
30349
30715
30129
30082
30570
30132
30261
30381
30463
29917
30836
29815
30313
30769
30004
29708
30530
30341
30578
32019
30914
30164
29756
30986
29711
30066
30826
29942
29843
30934
30104
30125
30473
30077
30199
31083
29912
30005
30737
29485
30085
31586
32040
29158
33546
32910
32742
31148
25154
29155
32169
29875
30354
30792
30023
29811
30919
29927
30493
29897
30191
30620
29783
29918
30655
30094
30201
30628
29978
29654
30605
29968
29855
30620
29689
30075
30832
30044
29906
30718
29980
31479
31377
30296
30092
30804
29918
30072
30801
30443
30042
30614
30234
30040
30586
30055
29825
30814
30157
29781
30423
29863
29654
35469
29955
29860
30458
29960
29930
30760
30045
29803
30504
30325
29853
30652
30175
30111
30782
30458
30014
30792
29951
31267
29743
30268
30627
29893
30069
30879
29532
31798
30792
30167
29943
30883
29798
30294
30856
30082
30106
31786
30065
30516
31328
30772
23143
30988
30169
30331
30889
30144
29836
30793
29890
31173
29816
29823
31098
29688
29796
34991
30092
29920
31033
29968
30027
31055
30107
30072
31073
30082
29903
31120
29921
30189
31352
29960
30376
31076
29943
29718
30934
29798
30291
31163
30132
31036
30129
29726
31150
30078
29968
30831
30872
29830
30104
30669
29823
30042
30921
30817
30274
30496
30077
29968
30761
30206
30433
31043
29721
29883
30869
30276
30172
31058
30089
30142
29919
30590
30132
30177
30844
30209
30072
30634
30376
29927
30784
30199
29863
30538
29995
29985
31223
30239
29968
30787
30216
30037
23967
29136
30234
29534
29617
30665
29743
30114
30921
30967
29823
29918
30909
30070
30032
30901
29910
29649
29213
29831
30608
30475
29778
30825
30035
30095
31066
29968
30202
31083
30597
30149
30822
30395
29888
30459
30949
30189
29683
31016
30969
29676
29820
30919
29564
30157
30578
29851
29885
30931
29728
30224
30792
29911
29967
30832
29845
30137
30679
30004
29770
30590
29861
30020
30498
30080
29890
30672
29758
30010
30742
29910
29920
30052
32836
31639
30040
30891
30179
30298
30740
30548
30162
30799
29955
30067
31071
30096
30097
30954
30032
30264
30859
30455
30647
31529
29900
29940
31442
30039
30191
30854
30022
30102
31193
30157
30956
29933
30065
30978
30500
29928
31452
30161
30194
31118
29823
29880
30859
29985
30303
30901
30047
30241
30899
29698
30099
30700
30545
30214
31462
30097
30251
30837
30266
29820
31101
29687
30884
29644
30050
31369
30118
30326
30966
30209
30313
30749
30304
30336
30951
29962
30814
30906
30052
29800
30531
30565
31136
30085
30600
31013
29853
30002
30770
30013
29990
31026
30272
30473
32032
31131
30548
26722
31631
30884
32348
30266
30503
31559
30486
30266
31721
31649
30829
30976
31240
30107
32001
30126
29917
31240
29863
28897
30829
29963
29833
31335
30020
30489
30575
30386
29898
31170
29925
30098
29861
30857
29995
30505
30976
29763
30072
30887
29676
30125
31351
30341
30020
31529
32515
30406
31066
30095
30092
30737
29925
30359
31113
30090
30073
30802
29975
30471
30757
29888
31160
30094
29743
31290
30000
29937
30889
30013
29938
31053
30059
30351
31065
30245
29975
36169
23781
30124
29674
30896
30102
29940
29731
30682
30132
30554
30969
29940
30341
30969
29688
29829
30120
30906
29726
30176
30777
29808
30990
29912
30124
30864
29888
30102
30712
30347
30693
31318
30174
29968
30764
30222
30050
31158
30155
30128
31327
30488
29693
30926
29865
30221
28411
31208
30096
30307
30911
29936
29860
31058
30266
30367
30895
30151
30204
30526
30954
30236
30211
30824
29714
29891
30707
30034
30226
31644
30027
30503
30909
30060
29981
30976
30137
29642
30488
30924
29788
30089
30941
29878
30100
31185
30159
30194
31158
30248
30067
31232
30075
30506
31215
30197
30087
31210
30771
30229
30294
31028
30238
30393
30353
31096
30299
30311
31068
30393
31098
23993
29215
30595
29980
30052
31880
29805
30109
30844
30131
29893
30819
29911
30316
31108
30159
30137
30954
30510
29861
30964
30224
29958
31422
30324
29938
31247
30164
29746
30989
29990
30017
30132
31202
30159
30421
31034
30034
29827
31313
29830
30162
30625
29793
29961
31639
30800
30200
30963
29971
30298
30764
30040
29848
30727
29903
30102
30889
29702
29995
30792
29900
30136
30865
30572
30373
30085
30814
30057
30065
30958
30261
29895
30969
30266
30102
30712
30035
30365
30906
30122
30314
30901
30177
30179
31056
29771
30109
30742
30431
29925
30791
30042
30371
30739
30174
30254
30785
29995
30204
30854
30035
30134
30587
30007
30211
30782
30082
30586
30517
30981
30162
29959
31133
30139
30007
30663
30216
30386
31208
30231
30075
29868
31241
30236
30014
31046
30048
30055
31024
30181
30055
30774
30005
30221
30996
30074
29871
31676
29970
29791
31337
29840
30249
30697
29920
30069
31123
29927
30074
30904
30187
29451
30635
30037
30712
29768
30516
29726
30317
30727
30226
29940
31010
29853
30135
30867
29973
29903
30642
30069
30922
31429
30466
30334
31120
30291
30420
31183
30468
30035
30749
29773
30289
23284
23006
31053
29848
29890
31395
23995
30383
29544
29977
30902
29830
30025
30929
30363
29644
30665
29920
30195
30729
30385
30127
29788
30849
30115
30478
31322
29706
29900
30861
30072
29900
30717
29988
30075
30463
29723
30715
30017
29770
30889
30005
29833
30596
30030
29850
30658
29815
29708
30441
30617
30261
30934
29936
29985
30592
29938
29776
33573
30436
30062
29783
30871
29823
29890
30869
29985
30141
30553
29753
30533
29890
29987
30839
30401
29771
30735
29668
29875
30717
30306
29798
30839
30241
30162
30895
29980
29803
30874
29648
30161
30994
29876
30036
30668
29863
30090
30994
29976
29723
30595
30692
29940
30237
30807
30035
30169
30819
30033
30238
30825
30055
30013
31024
30488
30204
30746
29938
29940
30919
30072
30100
31015
30107
29850
30824
30059
30082
30610
30187
29921
30881
30144
29967
31360
30050
29798
30523
29798
29654
30568
29833
29885
30749
30468
30299
31123
29745
31551
23328
29885
29885
30927
30027
30192
30894
29830
30264
31187
30291
30062
30441
29741
29809
30546
29720
29777
30508
30560
29838
30009
30739
29763
29707
30513
30112
30555
31233
29966
29987
30620
30010
