31531
31133
30215
29930
30571
29778
29865
30924
29786
30305
30647
30069
29597
30540
29783
29953
30358
30005
30255
31112
30102
29843
30791
30535
29489
30490
29940
30025
30568
29938
31061
29967
29883
30690
29681
29760
30595
29883
29878
30898
29726
30089
30903
29706
29786
30451
30451
29848
30435
29551
30042
30772
29644
24092
30426
30737
29485
30005
30746
30170
29634
30276
29628
30008
30383
29895
31725
32200
29938
30916
29813
24016
29847
29365
30052
30170
29432
30600
29709
29486
30547
29933
29608
31232
29853
29551
30522
29885
29642
29738
30622
29801
31021
29783
30585
30098
29714
30645
29987
29649
30702
30226
29895
30555
29579
29714
30409
29644
29423
30483
29748
29831
30177
29840
29741
30503
24629
30717
29800
29631
30518
29601
29616
30473
29524
30037
30545
29723
29506
30456
30204
30092
29724
30727
29816
30424
29450
29928
30335
29609
30082
30261
29572
30162
30563
29551
29771
30440
29541
30107
30505
29592
29477
30356
29851
29810
30574
29677
29694
30424
29990
29560
30428
29591
29467
30219
30473
29649
29979
30978
29800
29579
30921
29698
29540
30662
29572
29601
30759
25594
30042
31096
29805
29840
30585
29748
29564
30583
29925
29751
30527
29504
30505
29741
29539
30652
29688
29432
30433
30059
29574
30640
29838
30246
30471
30189
29749
30613
29518
29985
30249
29890
29522
30754
29701
29678
33359
23685
29760
30117
30907
29637
29915
30613
29784
30326
30600
29925
29947
30640
30207
30398
30810
29982
30675
30161
29820
30954
30120
30057
30924
29803
30187
31178
29890
29932
31078
29706
29922
30863
29900
30804
30102
29796
30456
29448
29627
30637
30358
30171
31024
25608
30256
29721
31001
30134
30027
30911
29836
29582
30518
30092
29512
30791
29833
29743
30367
29714
29608
30473
29602
29858
30493
29780
29517
30575
29721
29492
30869
29646
29718
30772
29554
29818
30349
29978
29723
30956
29711
29552
30702
29905
30542
29840
29611
30588
30269
29995
30690
30104
29631
30338
29830
29728
30513
30070
29661
30403
29691
29796
30463
29918
29603
30889
30105
29701
30712
29447
29610
30470
29648
29860
30463
30647
29581
30124
30762
29826
29815
30468
29771
29708
30722
29766
29611
30692
29631
29662
30637
29891
29811
30815
29783
29883
30550
29796
29870
30785
29612
29684
30909
29820
29709
30937
29886
30852
29820
29711
30792
30488
29795
30409
29803
29729
30781
29978
29689
30600
29955
29706
31175
29865
29721
31417
29619
29915
30991
29632
29532
30364
29606
30102
30490
29552
29528
30592
29888
29738
29789
30817
29776
29654
30979
29555
29878
30720
29688
29661
30847
29677
29816
30819
29761
29835
30638
30440
30015
29639
30485
29701
29758
30528
29948
29688
30521
29458
30010
30583
30234
29644
29504
29985
31008
29982
29882
30583
29806
29786
30817
29820
29985
30819
29577
30792
30932
29855
30074
30536
29778
30087
29569
30222
29522
29972
30669
30055
30054
30668
29606
29654
30577
29863
29587
30481
29698
29600
30508
29691
29469
30792
29576
29693
30555
29395
29504
30807
29661
29388
30261
29574
29710
30829
29820
29629
30568
29830
29676
30607
29474
29596
30744
29775
29672
30844
30167
29972
30996
29646
30368
30675
29561
29669
31392
29764
29746
30583
29753
30084
30944
29980
30305
30909
30114
29853
30603
29671
30274
30419
29699
29741
30592
29646
29783
30468
29609
29816
29514
30687
29778
29836
30560
29882
29808
30540
29850
29418
30662
29609
29900
30189
29987
29941
30774
29813
29895
30313
30062
29464
30747
29534
29549
30483
30301
29643
30383
29823
30804
32064
30660
30771
30187
30025
31325
30630
29918
30518
30104
29813
30543
29994
29726
30536
29851
30219
30735
30012
29662
30446
29723
28817
30445
30068
29713
30892
29845
29748
30555
30231
29681
30662
29721
29781
30771
29582
29592
30628
29624
29671
30632
29758
29801
30680
29594
29541
30675
29357
29668
30271
30221
29813
30742
29873
29840
30704
29868
29529
31058
29731
29900
30878
31576
30033
31135
30006
30588
29534
29711
30388
29858
29594
30725
29857
29570
30727
30179
30044
30924
30069
24822
29943
29315
30274
29731
29541
30720
29823
29335
30747
29803
29587
30814
29880
30003
30583
29711
29683
30707
29713
30709
29609
29696
30575
30883
29669
29763
30498
29692
29868
30986
29552
30045
30538
29875
29704
30667
29457
29850
30500
30510
30312
30849
29646
31185
31387
30354
29848
30627
29848
30284
29843
30676
29856
29708
30558
30122
29955
30717
29688
29566
30281
29891
29591
30673
29843
29689
30943
29754
29853
30968
29883
29845
30289
29512
29726
30758
29517
29525
29579
30648
30458
29582
29938
30446
29729
29671
30267
29539
29828
30510
29880
29708
30304
29721
29537
30276
29714
29716
29310
30784
29653
29611
30379
30841
29923
30834
29826
30022
30904
29659
29616
30588
29537
29651
31290
29915
29898
30744
29753
29845
30869
30697
29983
30022
30365
29561
29901
30627
29950
29982
30386
30089
29751
29429
30314
29833
29667
30732
29830
29719
30389
29977
29661
29833
30480
29631
29574
30622
29713
29863
30262
29639
29602
30140
30511
30003
29993
30695
29783
30119
30336
29968
29736
30396
30547
30172
29654
30902
24386
31648
30452
30378
29880
29323
31045
29837
29828
30453
29708
29348
30941
29676
29700
30670
29526
29634
31078
29719
29841
30585
29547
29505
30827
29861
30017
30775
29509
29679
30713
29718
29791
30558
29728
30618
30225
29935
30577
29763
29474
30852
30097
29758
30739
29750
29687
31076
29602
29930
30383
30229
29502
30746
29507
30201
30737
30015
29756
30909
29808
30171
30757
29968
29840
31632
30219
30563
30097
29648
30700
30400
29891
30859
29584
29808
30809
29823
29876
30780
29895
30141
30548
29970
29870
30689
30177
29868
29696
31263
29848
30067
30984
29830
29671
30812
29549
30306
30077
29723
30506
30394
29853
30675
30090
29830
30936
30142
29882
30677
29754
29831
30672
29920
29805
31467
29614
29768
30640
29906
29649
29895
30906
29885
29684
30785
29873
31370
30367
30663
29731
30389
30483
29517
29686
30329
29733
29798
30596
29789
29853
30742
29492
30207
30540
29596
29755
30391
29368
29735
31145
30903
30655
29821
29808
30734
29898
29639
30782
29960
29763
30959
30003
29534
30463
29724
29841
31187
29763
29492
30797
30003
29798
30796
30056
30421
30686
29900
29887
30991
29673
30266
30949
30491
29980
31188
30197
29841
30976
24552
30307
29502
30384
