31046
31445
31357
30396
31631
30839
31118
31593
31001
30567
32159
30879
31664
31511
30765
30449
31451
30500
30635
31544
30523
30359
31287
30949
30781
31760
30642
30786
31569
30958
30781
31626
30473
30358
31255
30703
31424
30811
30739
31441
30603
30672
29644
31521
30931
30829
31197
30433
30500
31613
30441
30413
31406
30495
30727
31419
30675
30388
32047
30446
30630
31501
30446
30448
31731
31803
30679
30585
30570
31314
31576
30214
30881
31599
30470
30515
31923
30355
32057
30416
30757
31482
30441
30486
31292
30505
30520
31220
30929
30299
31479
30025
30227
30971
30889
33518
31422
30431
31442
30807
31006
31776
30872
30648
31116
30610
30698
36268
31250
30751
31698
30796
31121
31733
30690
30526
31462
30705
30740
31399
30593
30441
31268
30874
30625
30939
31858
30705
30545
31676
31078
31818
30429
30747
31840
30844
30610
31663
30780
30675
30761
31726
30914
30884
31384
33962
23771
31385
31933
30941
30826
26439
30677
30019
31048
30283
30587
31182
30179
30460
31696
30361
31611
30524
30271
31439
30454
30476
30391
31175
30894
31357
31390
30521
30407
31250
30042
30540
31810
30217
30349
30466
30550
31803
30518
30388
30423
31339
30356
30657
31674
30702
30581
31185
30365
30435
31240
25684
30493
31091
30404
30744
31103
31328
30430
31362
30296
27587
31933
30718
30233
31339
30774
30325
31167
30797
30458
28874
31576
30403
30650
31645
30600
30931
31620
31019
30425
26926
31760
30565
30697
31496
30498
31284
32555
30468
30822
31803
31050
30747
31571
30827
30869
31389
30523
30685
30356
31056
31011
30217
32128
30306
30366
31127
30471
30393
31499
30326
30186
31379
30620
31275
30779
30277
31061
30311
31026
31148
31292
30530
31250
30570
30536
31183
30513
30070
31350
30396
30547
31768
30232
30647
31392
30747
30523
31377
30664
30376
31527
30450
30159
31245
30381
30981
30107
30741
31999
31568
30269
31250
30502
30729
26281
31825
30210
30162
31581
30348
30550
31470
31265
30243
27448
31751
30398
30518
31133
30356
30791
31347
30896
30703
25395
31182
30907
30954
31860
32711
31805
30403
30911
31437
27491
31634
30949
30861
31584
30368
29990
29520
24713
30909
30496
31140
30557
30585
31198
30551
30453
31482
30426
30475
31265
30585
30556
31873
30511
30441
30526
32045
31265
31300
31251
30209
30717
31653
30538
30573
31182
30565
31360
31690
30727
30999
31499
30702
30518
31392
30518
30484
30979
30738
30699
30911
31699
30670
30349
31363
30580
30523
31265
30500
30204
31173
30995
31440
30508
30552
31183
30381
30322
31202
30899
30815
31293
30436
30664
31402
30655
30500
31449
31181
31285
31611
30879
30882
31307
30649
30889
31445
30687
30202
32318
31412
30610
30453
31542
30224
30339
31484
31298
30308
31790
30534
30635
31499
30891
30185
31344
30662
30565
31282
30780
30446
31484
30470
30555
31598
31053
30670
31992
30129
30742
31320
30690
30500
31354
30251
31402
30698
30381
30976
30902
30576
31055
30251
30694
31554
30677
30329
31486
30592
30573
31676
30674
30346
31409
30911
31564
30737
30321
31590
30843
31386
30080
31262
31714
30414
30423
31417
31387
31593
30610
30528
31370
30587
30373
31270
30655
30253
31355
30204
30682
31656
30537
30826
31539
30653
30849
31447
30456
30709
31496
30662
31815
30353
30419
31314
30849
30799
31392
30831
30797
31516
30722
31783
30895
30815
31444
24459
30742
30127
30366
31233
30759
30386
31275
30513
30989
31412
30570
30384
31320
31546
30762
30510
23655
31413
30954
31004
32320
30754
30730
31832
30665
30942
31347
30762
30867
31942
30414
30934
31716
30648
30757
31774
30508
31155
31700
30851
30690
31434
30764
30690
31885
30821
30363
31464
31053
31250
31516
31091
30668
31743
30725
30784
31367
30772
30916
30732
31532
31034
30697
31728
30558
30715
31504
30462
31011
32121
30807
30874
31526
30515
30820
31845
30648
30916
31871
30712
31524
32040
31791
30750
32216
30397
31134
31601
30954
30584
31788
30482
31882
30722
30901
31845
31083
30585
31333
31481
30445
30839
31750
30640
30894
32236
30316
30792
29622
31437
31156
31061
31641
30499
30552
31175
30555
30406
31198
30620
30602
31342
31538
31058
30516
32194
30720
30420
32020
30346
30281
31696
30700
30755
31030
32017
30598
30794
31751
30653
31372
31247
30449
31175
31741
30727
30712
31424
30934
31098
31406
30767
30991
31347
31485
30620
30885
31250
31050
30433
31511
31484
30731
30829
31588
30527
30884
31663
30567
30911
31486
30062
30508
31081
31227
30538
30690
31497
30732
30974
31479
30958
30562
30613
31538
31609
30401
24140
30891
30058
30095
31429
30338
30505
31232
30756
30169
31509
30535
30590
32249
30806
30309
31369
30522
30575
31150
30868
30874
30732
31295
31526
30523
29982
30311
31693
30854
30921
31437
30590
30436
31532
30597
30142
31335
30558
30079
31496
30678
31001
25301
30440
30528
30441
31527
30809
31499
30328
30443
31387
30553
30779
31379
30446
30583
31040
30361
30518
31668
30624
30777
31599
30877
31260
31360
30425
30451
31402
30578
30839
31964
30682
30872
31576
30465
30657
31855
30864
30702
31422
30834
30966
31349
30381
30575
31581
31058
30572
31354
30202
31596
30675
30617
31561
30485
30296
31235
30667
30817
31489
30617
30567
31367
30528
31235
31244
30474
30448
31581
30971
30618
31375
30421
30305
31287
30528
30772
31288
30506
30490
31693
30682
30325
30829
31330
30525
30746
31556
29457
31429
31467
30254
31491
30261
30934
31407
30505
30333
31424
30620
30580
31218
30527
30914
32097
30199
30831
31446
30578
30705
31666
30881
30620
31217
31145
30488
30620
31414
30552
30316
31305
30563
30695
31412
30495
30345
31375
30301
30560
31572
30132
30450
31102
30261
30368
31365
30498
30426
31387
30704
30667
31442
30702
30503
30814
24131
30932
30807
30849
30844
31840
30687
30538
31146
30911
30408
31103
30407
30545
30705
31748
30548
30376
31374
30552
30677
32129
31406
30383
31561
31273
30668
31571
30566
30528
30993
31262
30475
31694
30710
30341
31536
30764
30517
30799
31357
30371
30171
31621
30682
30772
31359
30597
30767
31772
30712
30508
31419
30777
30725
31543
30508
30592
31618
30472
30528
31372
30600
30722
31708
31233
31549
30531
30819
31469
30555
30239
31669
30593
30834
30767
31487
30817
30816
31509
31095
30921
31357
32535
31104
33829
30383
30782
31190
30851
30817
31949
30470
30495
31205
